173.91825162808686
206.59171040628277
66.39775080607397
147.74036866025403
143.05926856808625
281.5719513590588
168.9895403980307
221.94125739815902
41.49822200433361
108.13636550753144
179.42578661626513
99.60334261398214
96.19580375614134
183.3979436588286
210.2276234165604
116.8656702889588
92.81875467612268
72.11373971262377
145.0787497633764
187.99289382565001
200.43146661672273
143.7467303693868
112.34733130829204
89.92448987380797
77.16444683479165
171.4234139476556
121.74955702264499
174.61528658563728
113.3204466543494
162.2816074861184
168.48132557641085
169.73145571014413
53.46800394791177
75.94923813949424
134.13967114683584
103.71129974674054
109.7102468125081
206.4905319549317
37.24655339441418
155.55844336198845
156.60156827294017
130.34326468142632
176.49558533086451
128.92495813576147
178.27766056056174
119.2999767453632
91.3356045022228
42.44818990272394
108.40259045943478
133.5349884652556
79.86555950943315
74.0455074069746
197.2569176857789
171.15706418179357
90.44841874817135
183.84622652804455
66.7396831012909
93.14839445065084
156.12070809349618
124.4299573391948
121.83330635373098
140.04524834237267
145.30395352207574
321.280851339883
152.85426861255556
241.04685098125137
195.78558278610825
160.1433813114652
180.2956160785296
188.326277906715
103.55287068756763
156.61090494973888
234.05080195665232
113.3636952778887
131.32809908574805
86.97658032390774
244.2787307020899
170.30137041980498
103.81184303737913
158.84355883484443
140.63306981391577
58.512085864378065
236.31692832890613
198.1266980356231
261.13493030601944
194.22659916036358
135.37731188827217
234.68518881189055
102.9756801164618
223.3330563180821
96.2729405364945
159.59994458786596
161.3000777746892
169.96315469621683
196.7131502639268
161.8250187141466
96.06786644923667
91.59923053707294
120.41003902684261
164.80652238701518
74.19912817163714
131.9526215640508
279.5179718748621
54.000574291607734
125.20139758061772
172.77925323129006
90.929135692248
156.65535903194933
82.92137943515304
181.06565931347603
156.84194633590184
138.96542813054583
16.792907822314987
128.00579224261966
163.57688554259602
87.50951953573875
204.28954067236063
175.85685346378793
157.54619248132084
153.30804044215776
77.82297160806073
166.30012374946978
185.6051023581477
198.39190651400256
187.8071698028938
117.62080895624932
118.58218432561743
208.17936050288503
86.01314064848818
88.19011066352743
192.94905530038918
140.16075710613325
123.59017575953257
124.28107340251094
241.08197448728794
122.04431886924901
142.3698989729949
142.16936862534604
97.34994596095666
66.37026584491707
183.74058682290325
120.80576177802811
152.79520070253247
185.32049544394997
169.6272418413341
91.86832921220318
136.489485876331
162.11715831304608
97.84060390778178
165.1962426409484
133.54289864183866
64.81187282058482
141.4107024844683
95.62515785012437
91.31335174552069
88.2116155934987
200.97183749917622
170.45860280370692
98.83606079508417
225.26375869789666
87.85205295035666
44.429976354454666
164.74584278661908
251.1212311004161
207.0981452683888
159.98295938051882
120.0067576951453
202.92486238562606
165.49635850187857
141.82050549380017
98.6120124883661
163.87156020203966
170.81356877541214
110.03648074342345
193.1588928764299
159.66854806175976
197.9429368893577
26.05818516383374
188.75049620760194
76.87343901482707
212.92134131131613
47.37235882097961
85.6762739930078
78.12554683607942
144.05060334039447
117.6239587890222
143.84231309730563
169.76870293399128
189.223314237975
203.95143405791845
183.01623733710906
212.33680959385117
191.42304916912298
139.7429954935883
211.80523927860284
92.00536849806043
4.401631990974238
155.89260992712275
114.96790748575238
171.26881710238314
133.200963827664
133.40408200139422
196.6456591865312
115.73913729200706
37.87210033083899
42.23617508623347
159.6734912732342
256.7772569558327
107.21211419015371
157.5922431274072
139.48340657504957
100.22472027444634
71.66759618085582
120.27241975297284
74.57980974373456
146.75708933758096
49.45725566555865
149.04776635087404
250.01296880528855
132.2781038472126
141.09661236764018
181.15221054249577
143.12688383348333
121.56970084822493
163.3369874565248
159.39353020993846
135.29842578000896
116.47703621678659
213.70423895193278
198.39081124472446
176.90505663484913
170.04212500486173
147.48365924455314
145.76274469373385
166.34220127777778
198.69583294074317
156.45693190430418
203.4759143154922
240.16094867590763
153.0254932886104
68.54072109982589
82.09680316300066
155.51535804035194
84.23710510052192
244.07963873327537
215.73638805400614
175.46495407169635
95.98197436243272
218.7705374652985
132.36446622104924
105.84325065936369
64.98593293354007
216.4460634168492
123.46032181061712
171.01363701961313
96.08961511771113
207.15228054808583
112.91124111006386
22.959170606450385
50.42255892902986
205.910122651025
167.19232998919682
165.82297246395296
41.012653246777234
213.41134909306638
81.5863601341189
252.5053064074006
188.46866721269492
132.20108795415794
218.88629795657295
225.1184066565962
106.01733339500478
158.2612489075034
154.08713682988522
196.37454080833734
172.411003594482
69.42757922353663
195.15889612881116
179.94872417952604
111.29338441050658
222.00006528853413
200.96915037444452
149.2943528628514
147.13804047050996
181.90157427589116
172.90081893892634
167.1141496088784
167.10420345600852
238.76710190814669
125.3016142912073
197.01661580915652
161.32013232088426
91.06733688581068
185.61060376146276
206.8997417102899
78.26146080125113
32.21457950537152
209.93448510298126
192.5706032754248
178.7412963128012
113.52754900417708
109.17824299199768
199.86997645851892
181.24139925046117
102.84872937112738
102.25727070983194
207.1106984477397
75.90084612375166
107.49196971646896
159.22209295399367
165.21632029169862
71.42458585314189
167.752606316233
171.1389762216937
122.08626093844768
214.59264470266726
247.90786547230408
211.21593059149333
162.72446010555618
79.61820374566432
48.16028848533249
170.74655286706343
180.64847517838336
47.05985502351599
178.4306013638196
100.16153795365184
204.03032245995718
132.0315266676467
135.11374769592243
161.4089250083791
116.96496386052519
160.25148399207586
179.82981990585785
194.96781737366382
159.15527098115206
53.15685834847616
71.36885308630453
157.96924992078985
65.06605180922489
150.29543706578835
161.3398828458982
237.5821552786033
43.51760732795222
147.49614899919902
178.75569810118486
129.6532335740834
188.71137975388325
99.433895209636
144.57184536585572
176.90846071505277
110.03446206947866
189.9318869911899
85.41095442575643
118.15566339307499
46.935811076069996
172.952038588263
211.29083762093217
161.00352650325848
189.21980156995082
157.22238207086613
188.2544354685515
96.35210970598737
78.62766331898834
151.4439324929987
129.37968271670616
219.51966717295664
214.38403268334648
139.15110756117193
203.5367066729962
230.744197493914
116.81904955956793
190.80542272801998
206.6427136890235
115.10371641004463
69.30390092245383
111.38148407118572
91.15113761636326
180.60862084832377
203.07455201111742
230.67188157829392
41.711689534334965
100.24552801630107
179.28616479828742
31.399490603761365
203.44109692827098
182.93855262755935
149.16892968282534
184.3175161168861
101.62861814302829
153.70681832786087
181.10494568553486
202.23096046055807
126.34788571384598
142.7695039091679
71.71340035817514
171.99098431658734
132.21564343210622
204.8653529344175
106.76004246843947
165.89714150260457
131.77493393252263
184.82805086397806
127.56020953354175
182.34222073251865
77.07713632615642
64.2790425073979
224.8808365088209
109.90604245546437
91.51083131766725
223.53556978020646
156.8628852538819
141.13177742116795
152.09881580709524
206.09862824927072
162.3529877465405
55.84444395228559
130.69701541948902
121.64320649891808
207.38322866543768
105.13683044936676
159.45789278965384
222.82939066060936
228.69088584869107
139.5253701032896
179.54523690836547
202.39147633662733
72.85387814125663
151.6166684918142
242.04368148637656
125.57714785185627
101.10859018404119
94.00209824796627
159.21456601149654
126.20896972305565
137.6220324020336
191.9782512106326
201.2082971314321
103.20568577851111
145.37541720573822
118.9441999869428
122.6175448005309
133.4081847611124
159.8963652418161
141.54133329970819
148.04407232956942
42.81519712257085
137.86627951860356
70.65088681285816
105.95358642753902
142.42128167916945
225.27640004156757
160.93349818019493
107.72232362493435
201.76096032888063
145.3731517144643
245.6839747562405
214.49959453274707
167.16713302763438
117.80736495328262
180.4283041327528
140.15284825048096
167.82059492852056
159.59491101358878
174.5859332566241
146.02834991290683
119.53039393184554
148.88121363845076
296.46998750062255
242.1615068950182
126.83318627110455
77.13665298988145
182.47170838969356
143.97009122220848
82.35140480090266
138.35562394550286
63.36508523620384
138.84799554634412
159.39891931971212
219.60344938225523
150.38860845966957
238.7670261615034
119.09763411639406
218.5906347025726
133.02042397576514
127.9637448528263
152.69671564754398
145.2695156597647
167.32695528832932
149.28607691574462
140.01600052776843
170.24341586111558
93.66935490103857
205.33894047839257
202.54396155058868
180.36068405548355
124.05214287619518
219.98033278719384
151.23448878087086
174.00061074825115
168.7908630890848
235.20619009250245
98.64971023886993
221.84332808532582
263.4759448658048
129.34463115561675
217.95006458233868
193.48592453435555
129.05715164882668
203.95840337637955
154.72854184303347
183.95456932894126
191.10108813214163
115.72630031777983
199.36975463582104
178.3786715504157
108.0054318144405
18.877383381011697
89.49551687305224
183.53223248454475
164.96877062040352
244.99980845551184
115.54216336874089
172.59750531234556
184.10426993684942
111.85233660195479
180.06340851709822
151.56995267916727
131.47066201846735
175.81773766446366
121.00229655766032
201.24967143258183
140.81776381313014
168.46529875531985
165.33088320716348
104.26451370170636
165.83205233745375
165.30761883853984
72.08681432235944
88.88947998429981
131.2310252253777
207.94007192262862
108.7396175874957
83.21377926852915
175.75688842165755
197.71673429273548
220.80889011651504
162.7498634520332
131.8829819113193
176.61602166571654
255.82370958056953
76.60939109676522
265.9390540526341
111.45321413452965
164.13616385781364
145.75910549944578
90.31839362039305
142.5925099562166
148.34262852209562
178.046497942672
186.00029788995818
166.20048926261416
137.9578036285282
221.44773215847124
166.0842706526749
99.66527179997767
111.40754381415547
111.06166033096365
100.56783308604903
215.27399134408859
125.36621122872167
152.8137067679406
219.74575666161894
164.94184637519672
108.50287432941346
191.0626611475995
147.1977086787098
161.56763192352216
201.9646260577632
17.68989435048087
124.98839126622067
202.04009952217524
97.58438530462769
182.86049151513873
133.04150366910756
165.08167669436332
209.08478949005237
78.22891090561787
181.88619832739238
129.79234898173107
175.449704896083
124.35150091776251
172.1854653283986
169.98807151702056
207.85196830266946
105.34139182403919
135.22492777267607
116.42677424865583
105.28692481126677
212.15440578013727
232.5485270336648
146.15299126716835
209.04528864499704
138.74812386553583
156.73684194242674
256.25426449740496
143.46374202844993
144.20578899957218
230.45538344654233
219.59307862961708
96.6753845629449
151.9457077849222
170.4030332932918
-3.39428397242591
146.80877231488046
155.26046414614308
203.02418832626398
97.31041781826872
149.75857846237793
185.28075415430445
122.56526031750344
166.176007051959
146.38665348134705
110.60510754901168
119.84157785639425
52.078876723023996
86.21542694695528
105.20511226441303
161.77873110341227
189.80416251894266
178.6119684927931
147.20904100724812
92.9524150305989
10.602675539268546
155.11790062019253
128.3508179124295
79.4744483328845
111.11986517892166
142.52534937481138
140.89799587098412
150.80365803412366
120.45176401792288
112.8838711031356
187.468465013994
117.44888600012968
203.7883994353216
233.4610726333683
121.84639882445624
286.68855367260267
22.205460733724138
140.60321268907762
148.941908734841
173.62894434071026
151.0500032335256
182.94007975320824
160.46921192096696
188.87125123109007
236.9708910175384
105.86593653171072
142.9198953990826
136.53436924519485
99.72536857204426
248.54644813514903
114.93977411818575
148.4361042678086
87.26834890125431
90.55403500246743
173.70627570224414
185.21574589781432
148.23398677840535
92.76875260961566
103.70401224699401
144.7721374950417
195.91664280185367
113.75163875577614
94.90728946885157
164.52657452008097
273.73311366722066
190.85738987078997
110.6331596599292
84.47436667084935
141.42959856896067
111.0849774665652
153.68281580499487
228.32018599780554
164.4618192771889
18.30054662522025
112.95345063845325
42.201213109413544
117.96798031676474
143.6960438074677
227.99367409695103
94.46155254882383
151.1913035660839
122.27275754012521
112.56191657187861
155.25722019074536
131.59563089908113
86.81283579052706
207.38633525748014
54.01251757461725
170.08846943723174
101.31894750183076
233.31598273639824
132.3680516876244
203.30028190436673
207.97028051342838
157.11461279419407
158.1741136186214
190.10864226633797
215.73468044164514
212.25981801715847
148.07012909205142
77.80973820641825
183.7784176247115
156.04312933292078
100.92088754128417
114.31494049464018
106.03239811011385
119.7639075498302
153.20050141306717
233.41370057969928
122.86842827448892
147.0065284023847
174.36759850878997
199.72309461117746
183.9183899649662
181.73381176197952
181.64284897058283
132.79093029604593
179.57944800958904
200.46549404447225
120.48677455144986
142.22394692819387
99.74806001592398
140.37095254229882
236.21014162513623
102.24693134579188
161.88158797159107
123.97430838423091
123.66749295292419
170.9385249516821
188.57175738993098
156.94648538856018
139.18759547305064
161.07603651115014
175.36649305031827
203.4244154922917
115.12361452056761
121.14017113133849
232.27789781901546
257.87867022814106
144.0631137622419
145.76792687272234
145.7173345339196
172.83923967547892
151.8343468555506
187.2641452258219
143.21516964519986
141.1414690195539
213.4366776655223
172.00265432709563
170.82804717891048
168.10898914068136
102.63682451889969
138.82614912628733
187.36651737316498
173.44635796395232
106.15628478341736
81.00405676368045
156.7252273048646
202.29120038429653
230.75785868250165
183.91553429468271
138.08546827719317
252.48338042055735
66.9750221072407
186.01531086762807
138.225749643628
144.94570274313884
217.60778689152784
119.11153497836932
227.37226172050285
110.72556624845967
161.57289292536663
122.47235326849889
15.322451557960875
223.6870242976828
45.835729008064945
125.4562507154839
211.7102192008128
163.2226890742453
78.54613077146395
145.1537055023542
174.22793104582846
133.8311757983309
181.34856606904995
140.21420028268682
223.47804658719997
121.99740355278672
203.14551273222833
254.9260350526688
38.78848267357107
141.63172827520972
233.04728518982944
182.7005335792887
248.28330812375884
185.48658327109945
242.57401559673212
204.65244086424445
88.01553070647664
233.449831492627
143.66553314810938
166.56629919742585
130.17105883073174
263.63479459729444
166.434376553119
140.16383304665044
124.12512845393059
142.99386897156336
55.73066742247758
100.57609973927214
79.78943435141368
95.52080595023115
59.504095642560756
186.6871941386851
135.18284081857033
199.9430954660321
156.2548747670979
139.81992530986537
124.3560668747377
91.49719169223094
130.13220536264961
169.51967766368836
205.86751539774
86.73508556651501
121.85882769992219
150.31454361664083
195.13516697160657
262.99580140570373
166.34330321292643
112.55329536811188
107.24394447257006
60.79649035474337
183.10169779581756
151.22397400098134
165.84300141775074
147.8399407535621
134.666319930912
98.70942388465924
172.9337317566307
125.59042003898682
194.66341329837775
119.26071253455447
86.9336897101029
184.34593614699128
177.9795866828559
20.40780358008459
129.49497384920122
191.98804177465678
195.07394738584287
58.74383292037042
178.11700574070815
154.41823229557392
87.3161662240951
88.60067654825716
192.71018927860604
224.1682570696096
187.58868139221548
136.99885279674885
170.18901921632562
123.05030573823721
185.1409759182541
77.11176807336031
180.3795937705469
80.52112981226827
190.53875856144444
122.0242875030577
75.1386588408397
166.89004997074937
173.59127200801248
122.70743719361782
125.81707561524
202.6537407207879
87.70853474224694
170.3677925307216
77.41988672369314
168.21463979691495
169.46669714064265
100.8710399463112
205.2441001067623
145.03827651183593
33.26514575439256
72.25236484703186
165.21745052245163
158.83849738423993
131.41856843231
128.0133411787035
202.2387619689901
137.16665384761612
277.236642319163
185.88692303398435
112.79467443040957
97.01708545472002
99.3604864585724
54.859711324041356
179.37127533849588
71.89212751924879
97.52491556369769
101.95214611579073
116.70720971422938
166.94230060618068
67.87166731393572
148.72314977401567
125.18112801788227
120.06741920480816
152.89146966544624
133.8336153986084
155.8163625670118
40.658067123756055
158.30640836468405
117.27486839694807
146.4316884509165
85.0543600650928
146.30857342593814
180.41401547894367
103.69661548814034
54.812497228107844
176.978138691475
71.22994350518952
166.83571978361448
143.2609001430355
201.2071062642146
80.456728832896
152.4604789378338
168.13644042668005
147.24446360913046
181.8197542904334
148.45191878689334
63.902537241247714
105.7128146880501
157.86561915847585
167.95123759785668
133.9587657008722
68.70958636618617
128.29100531359944
119.8987222741244
230.87097764753912
201.26899801982788
106.07375184955173
105.86401911324279
277.28573979906344
174.91942677260917
216.98844863241098
119.54633574208867
161.69100941975069
157.49659937345433
216.567347005187
110.058809311347
153.60032974522173
181.92361684218542
64.11675734218606
197.45369674662132
185.27207983016012
221.53042529480737
197.94937735564974
116.05228418275152
185.72560749766512
169.38687602648494
149.02959778286439
215.22495173365382
33.834081844136435
260.133532324007
130.8866996104829
115.71625467389187
117.39107652097226
109.64560148878986
159.96495469638404
184.3434163906062
151.22562019234826
123.88212217679096
38.82074434315162
190.98339739484223
149.6894378888415
284.56505738916655
119.55171800048215
143.0919769843176
229.03612198857775
109.93484678318553
137.9879789567116
20.515534024872323
151.51405658418827
100.59660475861662
111.33905835221726
75.01117798276064
343.7383469855938
273.9144414742389
127.63978766037638
244.16081462007963
218.67814383793853
162.7444381230278
